5.5908203125 2.6611328125
5.4443359375 2.6611328125
5.2978515625 2.6611328125
5.1513671875 2.6611328125
5.0048828125 2.6611328125
4.8583984375 2.6611328125
4.7119140625 2.6611328125
4.5654296875 2.6611328125
4.4189453125 2.6611328125
4.2724609375 2.6611328125
4.1259765625 2.6611328125
3.9794921875 2.6611328125
3.8330078125 2.6611328125
3.6865234375 2.6611328125
3.5400390625 2.6611328125
3.3935546875 2.6611328125
3.2470703125 2.6611328125
3.1005859375 2.6611328125
2.9541015625 2.6611328125
2.8076171875 2.6611328125
2.6611328125 2.6611328125
2.5146484375 2.6611328125
2.3681640625 2.6611328125
2.2216796875 2.6611328125
2.0751953125 2.6611328125
3.3935546875 2.8076171875
5.7373046875 2.6611328125
3.1005859375 2.8076171875
5.8837890625 2.6611328125
5.8837890625 2.8076171875
5.7373046875 2.8076171875
3.6865234375 2.8076171875
6.0302734375 2.8076171875
6.0302734375 2.6611328125
5.0048828125 2.8076171875
5.5908203125 2.8076171875
4.8583984375 2.8076171875
4.7119140625 2.8076171875
6.1767578125 2.8076171875
5.4443359375 2.8076171875
5.2978515625 2.8076171875
4.5654296875 2.8076171875
3.9794921875 2.8076171875
3.8330078125 2.8076171875
5.1513671875 2.8076171875
4.4189453125 2.8076171875
6.3232421875 2.6611328125
4.2724609375 2.8076171875
2.9541015625 2.8076171875
6.3232421875 2.8076171875
3.5400390625 2.8076171875
6.4697265625 2.6611328125
4.1259765625 2.8076171875
2.8076171875 2.8076171875
6.4697265625 2.8076171875
6.6162109375 2.8076171875
6.7626953125 2.8076171875
3.2470703125 2.8076171875
6.9091796875 2.8076171875
7.0556640625 2.8076171875
7.2021484375 2.8076171875
7.3486328125 2.8076171875
7.4951171875 2.9541015625
7.4951171875 2.8076171875
7.6416015625 2.8076171875
7.7880859375 2.8076171875
7.9345703125 2.8076171875
8.0810546875 2.8076171875
8.2275390625 2.8076171875
8.3740234375 2.8076171875
8.3740234375 2.9541015625
8.5205078125 2.9541015625
8.5205078125 2.8076171875
8.6669921875 2.8076171875
8.6669921875 2.9541015625
8.2275390625 2.9541015625
7.6416015625 2.9541015625
8.8134765625 2.8076171875
8.8134765625 2.9541015625
8.9599609375 2.9541015625
9.1064453125 2.9541015625
9.2529296875 2.9541015625
7.9345703125 2.9541015625
7.7880859375 2.9541015625
9.3994140625 2.9541015625
8.0810546875 2.9541015625
9.5458984375 2.9541015625
9.6923828125 2.9541015625
9.8388671875 2.9541015625
9.2529296875 2.8076171875
9.1064453125 2.8076171875
8.9599609375 2.8076171875
9.9853515625 2.9541015625
9.5458984375 2.8076171875
9.3994140625 2.8076171875
10.1318359375 2.9541015625
10.2783203125 2.9541015625
10.4248046875 2.9541015625
10.5712890625 2.9541015625
10.7177734375 2.9541015625
9.6923828125 2.8076171875
10.8642578125 2.9541015625
11.0107421875 2.9541015625
11.1572265625 2.9541015625
10.1318359375 2.8076171875
11.3037109375 2.9541015625
9.9853515625 2.8076171875
9.8388671875 2.8076171875
11.4501953125 2.9541015625
11.4501953125 2.8076171875
11.3037109375 2.8076171875
11.5966796875 2.9541015625
10.8642578125 2.8076171875
10.7177734375 2.8076171875
10.5712890625 2.8076171875
10.4248046875 2.8076171875
11.7431640625 2.9541015625
11.8896484375 2.9541015625
10.2783203125 2.8076171875
12.0361328125 2.9541015625
12.1826171875 2.9541015625
12.3291015625 2.9541015625
12.4755859375 2.9541015625
12.6220703125 2.9541015625
12.3291015625 3.1005859375
12.7685546875 2.9541015625
12.7685546875 3.1005859375
12.6220703125 3.1005859375
12.9150390625 2.9541015625
13.0615234375 2.9541015625
13.2080078125 2.9541015625
13.3544921875 2.9541015625
13.5009765625 2.9541015625
13.6474609375 2.9541015625
13.7939453125 2.9541015625
11.1572265625 2.8076171875
13.9404296875 2.9541015625
14.0869140625 2.9541015625
14.2333984375 2.9541015625
14.3798828125 2.9541015625
14.5263671875 3.1005859375
14.3798828125 3.1005859375
14.0869140625 3.1005859375
13.5009765625 3.1005859375
13.3544921875 3.1005859375
14.6728515625 3.1005859375
14.5263671875 2.9541015625
14.8193359375 3.1005859375
14.2333984375 3.1005859375
13.9404296875 3.1005859375
13.7939453125 3.1005859375
13.6474609375 3.1005859375
13.2080078125 3.1005859375
14.9658203125 3.1005859375
14.6728515625 2.9541015625
15.1123046875 3.1005859375
14.8193359375 2.9541015625
15.2587890625 3.1005859375
15.1123046875 2.9541015625
15.4052734375 3.1005859375
15.4052734375 2.9541015625
15.2587890625 2.9541015625
14.9658203125 2.9541015625
15.5517578125 2.9541015625
11.7431640625 2.8076171875
15.6982421875 2.9541015625
11.8896484375 2.8076171875
15.8447265625 2.9541015625
16.1376953125 2.9541015625
15.9912109375 2.9541015625
12.3291015625 2.8076171875
12.1826171875 2.8076171875
16.2841796875 2.9541015625
16.4306640625 2.9541015625
12.7685546875 2.8076171875
12.4755859375 2.8076171875
16.5771484375 2.9541015625
16.4306640625 2.8076171875
12.9150390625 2.8076171875
16.2841796875 2.8076171875
16.1376953125 2.8076171875
14.0869140625 2.8076171875
14.2333984375 2.8076171875
13.9404296875 2.8076171875
13.6474609375 2.8076171875
15.2587890625 2.8076171875
14.8193359375 2.8076171875
14.6728515625 2.8076171875
14.5263671875 2.8076171875
14.3798828125 2.8076171875
13.5009765625 2.8076171875
15.1123046875 2.8076171875
13.7939453125 2.8076171875
15.6982421875 2.8076171875
15.5517578125 2.8076171875
15.4052734375 2.8076171875
14.9658203125 2.8076171875
14.8193359375 -5.6884765625
14.8193359375 -5.8349609375
14.9658203125 -5.6884765625
14.9658203125 -5.5419921875
14.9658203125 -5.3955078125
14.9658203125 -5.2490234375
14.9658203125 -5.1025390625
15.1123046875 -5.1025390625
15.1123046875 -4.9560546875
15.1123046875 -4.8095703125
15.1123046875 -4.6630859375
15.1123046875 -4.5166015625
15.1123046875 -4.3701171875
15.2587890625 -4.3701171875
15.2587890625 -4.2236328125
15.2587890625 -4.0771484375
15.2587890625 -3.9306640625
15.4052734375 -3.7841796875
14.8193359375 -6.1279296875
14.8193359375 -5.9814453125
15.2587890625 -4.5166015625
14.6728515625 -6.4208984375
14.6728515625 -6.2744140625
14.8193359375 -6.2744140625
14.9658203125 -5.8349609375
15.1123046875 -5.2490234375
15.2587890625 -3.7841796875
14.6728515625 -6.5673828125
14.8193359375 -6.4208984375
14.6728515625 -6.7138671875
15.2587890625 -3.6376953125
15.4052734375 -3.6376953125
15.4052734375 -3.4912109375
14.6728515625 -6.8603515625
14.6728515625 -7.0068359375
14.5263671875 -7.0068359375
15.1123046875 -4.2236328125
14.5263671875 -7.1533203125
14.8193359375 -5.5419921875
14.9658203125 -4.9560546875
14.9658203125 -4.8095703125
15.1123046875 -4.0771484375
15.2587890625 -3.4912109375
14.5263671875 -7.2998046875
14.5263671875 -6.8603515625
14.8193359375 -5.3955078125
14.3798828125 -7.4462890625
14.5263671875 -7.4462890625
14.3798828125 -7.2998046875
14.5263671875 -6.7138671875
14.6728515625 -6.1279296875
14.3798828125 -7.5927734375
14.3798828125 -7.7392578125
14.3798828125 -7.8857421875
14.5263671875 -7.5927734375
14.3798828125 -8.0322265625
14.3798828125 -8.1787109375
14.3798828125 -8.3251953125
14.5263671875 -7.7392578125
14.2333984375 -8.4716796875
14.2333984375 -8.3251953125
14.3798828125 -8.4716796875
14.2333984375 -8.6181640625
14.2333984375 -8.7646484375
14.2333984375 -8.1787109375
14.0869140625 -8.9111328125
14.2333984375 -8.9111328125
14.0869140625 -9.0576171875
14.0869140625 -8.7646484375
14.0869140625 -9.2041015625
14.2333984375 -8.0322265625
14.0869140625 -8.6181640625
13.9404296875 -9.3505859375
14.0869140625 -9.3505859375
13.9404296875 -9.2041015625
14.5263671875 -6.5673828125
13.9404296875 -9.4970703125
14.2333984375 -7.8857421875
14.3798828125 -7.1533203125
13.9404296875 -9.6435546875
14.6728515625 -5.9814453125
13.9404296875 -9.7900390625
13.9404296875 -9.9365234375
14.0869140625 -9.4970703125
13.7939453125 -10.0830078125
13.9404296875 -10.0830078125
13.7939453125 -10.2294921875
13.7939453125 -10.3759765625
13.7939453125 -9.9365234375
14.0869140625 -8.4716796875
14.2333984375 -7.7392578125
15.1123046875 -9.3505859375
15.1123046875 -9.2041015625
14.9658203125 -9.2041015625
14.9658203125 -9.0576171875
15.1123046875 -8.9111328125
15.1123046875 -8.7646484375
15.1123046875 -8.6181640625
14.9658203125 -8.6181640625
14.9658203125 -8.4716796875
15.1123046875 -8.4716796875
15.1123046875 -8.3251953125
15.1123046875 -8.1787109375
15.1123046875 -8.0322265625
14.9658203125 -8.0322265625
14.9658203125 -7.8857421875
14.9658203125 -7.7392578125
14.9658203125 -7.5927734375
14.9658203125 -7.4462890625
14.9658203125 -7.2998046875
14.9658203125 -7.1533203125
14.9658203125 -7.0068359375
13.6474609375 -10.5224609375
13.6474609375 -10.3759765625
13.7939453125 -9.7900390625
13.7939453125 -9.6435546875
13.6474609375 -10.6689453125
14.3798828125 -7.0068359375
13.9404296875 -9.0576171875
13.5009765625 -10.8154296875
13.6474609375 -10.8154296875
13.6474609375 -10.2294921875
13.9404296875 -8.9111328125
14.0869140625 -8.3251953125
14.2333984375 -7.5927734375
13.5009765625 -10.9619140625
13.6474609375 -10.9619140625
13.5009765625 -11.1083984375
13.5009765625 -11.2548828125
13.5009765625 -11.4013671875
13.6474609375 -11.2548828125
13.6474609375 -11.1083984375
13.5009765625 -11.5478515625
13.6474609375 -11.4013671875
13.5009765625 -11.6943359375
13.7939453125 -10.5224609375
13.5009765625 -11.8408203125
13.5009765625 -11.9873046875
13.5009765625 -12.1337890625
13.3544921875 -12.1337890625
13.3544921875 -11.9873046875
13.3544921875 -12.2802734375
13.3544921875 -12.4267578125
13.3544921875 -12.5732421875
13.3544921875 -12.7197265625
13.3544921875 -11.8408203125
13.2080078125 -12.8662109375
13.2080078125 -13.0126953125
13.2080078125 -12.7197265625
13.2080078125 -13.1591796875
13.3544921875 -11.6943359375
12.9150390625 -14.4775390625
13.0615234375 -14.4775390625
13.0615234375 -14.3310546875
13.0615234375 -14.1845703125
13.0615234375 -14.0380859375
13.0615234375 -13.8916015625
13.0615234375 -13.7451171875
13.0615234375 -13.5986328125
13.2080078125 -13.5986328125
13.2080078125 -13.4521484375
13.2080078125 -13.3056640625
13.3544921875 -11.5478515625
12.9150390625 -14.6240234375
12.9150390625 -14.3310546875
13.0615234375 -13.4521484375
12.9150390625 -14.7705078125
13.2080078125 -12.5732421875
12.9150390625 -14.9169921875
12.9150390625 -15.0634765625
12.9150390625 -15.2099609375
12.7685546875 -15.2099609375
12.7685546875 -15.3564453125
12.9150390625 -14.1845703125
13.3544921875 -12.8662109375
12.7685546875 -15.5029296875
12.7685546875 -15.6494140625
12.7685546875 -15.7958984375
12.7685546875 -15.0634765625
12.7685546875 -15.9423828125
12.7685546875 -16.0888671875
12.6220703125 -16.2353515625
12.6220703125 -16.0888671875
12.7685546875 -16.2353515625
12.6220703125 -16.3818359375
12.6220703125 -16.5283203125
12.6220703125 -16.6748046875
12.6220703125 -16.8212890625
12.9150390625 -15.3564453125
12.6220703125 -16.9677734375
12.6220703125 -17.1142578125
12.6220703125 -17.2607421875
12.4755859375 -17.4072265625
12.4755859375 -17.2607421875
12.4755859375 -17.5537109375
12.6220703125 -17.4072265625
12.4755859375 -17.7001953125
12.4755859375 -17.8466796875
12.4755859375 -17.9931640625
12.4755859375 -18.1396484375
12.4755859375 -16.9677734375
12.3291015625 -18.2861328125
12.3291015625 -18.1396484375
12.3291015625 -17.9931640625
12.3291015625 -18.4326171875
12.6220703125 -15.9423828125
12.3291015625 -18.5791015625
12.4755859375 -17.1142578125
12.3291015625 -18.7255859375
12.1826171875 -18.8720703125
12.3291015625 -18.8720703125
12.1826171875 -19.0185546875
12.1826171875 -19.1650390625
12.1826171875 -19.3115234375
12.3291015625 -17.8466796875
12.1826171875 -19.4580078125
12.0361328125 -19.6044921875
12.1826171875 -19.6044921875
12.0361328125 -19.7509765625
12.0361328125 -19.8974609375
12.0361328125 -20.0439453125
12.0361328125 -20.1904296875
12.3291015625 -19.0185546875
12.0361328125 -20.3369140625
12.1826171875 -19.7509765625
11.8896484375 -20.4833984375
12.0361328125 -20.4833984375
11.8896484375 -20.6298828125
12.1826171875 -18.7255859375
11.8896484375 -20.7763671875
12.0361328125 -20.6298828125
11.8896484375 -20.9228515625
12.1826171875 -18.5791015625
12.3291015625 -17.7001953125
11.8896484375 -21.0693359375
11.8896484375 -21.2158203125
11.8896484375 -21.3623046875
11.7431640625 -21.2158203125
11.8896484375 -20.3369140625
11.7431640625 -21.3623046875
12.0361328125 -19.4580078125
11.8896484375 -21.5087890625
11.7431640625 -21.5087890625
11.8896484375 -21.6552734375
11.8896484375 -21.8017578125
11.8896484375 -21.9482421875
12.0361328125 -20.7763671875
12.1826171875 -19.8974609375
12.1826171875 -22.3876953125
12.1826171875 -22.2412109375
12.0361328125 -22.2412109375
12.0361328125 -22.0947265625
12.0361328125 -21.9482421875
12.1826171875 -22.5341796875
12.3291015625 -22.5341796875
12.3291015625 -22.6806640625
12.4755859375 -22.8271484375
12.3291015625 -22.8271484375
12.7685546875 -23.4130859375
12.7685546875 -23.2666015625
12.6220703125 -23.1201171875
12.6220703125 -22.9736328125
12.4755859375 -22.9736328125
12.4755859375 -22.6806640625
12.3291015625 -22.3876953125
12.9150390625 -23.5595703125
12.6220703125 -23.2666015625
12.9150390625 -23.7060546875
12.7685546875 -23.5595703125
13.0615234375 -23.7060546875
12.9150390625 -23.4130859375
13.0615234375 -23.8525390625
13.0615234375 -23.9990234375
13.2080078125 -23.9990234375
13.2080078125 -23.8525390625
13.2080078125 -24.1455078125
12.7685546875 -23.1201171875
12.0361328125 -20.9228515625
13.3544921875 -24.2919921875
13.3544921875 -24.4384765625
13.2080078125 -24.2919921875
13.3544921875 -24.5849609375
13.0615234375 -24.1455078125
12.9150390625 -23.8525390625
12.4755859375 -23.1201171875
13.5009765625 -24.5849609375
13.5009765625 -24.7314453125
13.6474609375 -24.8779296875
13.6474609375 -25.0244140625
13.6474609375 -24.7314453125
13.7939453125 -25.0244140625
13.7939453125 -25.1708984375
13.7939453125 -25.3173828125
13.9404296875 -25.3173828125
13.9404296875 -25.4638671875
14.0869140625 -25.4638671875
13.5009765625 -24.4384765625
13.3544921875 -24.1455078125
14.0869140625 -25.6103515625
14.0869140625 -25.7568359375
14.2333984375 -25.7568359375
14.2333984375 -25.9033203125
14.2333984375 -25.6103515625
13.9404296875 -25.1708984375
14.3798828125 -25.9033203125
14.3798828125 -26.0498046875
13.7939453125 -24.8779296875
13.0615234375 -23.5595703125
14.3798828125 -26.1962890625
14.2333984375 -26.0498046875
14.5263671875 -26.3427734375
14.5263671875 -26.1962890625
14.5263671875 -26.4892578125
14.6728515625 -26.4892578125
14.6728515625 -26.6357421875
14.8193359375 -26.7822265625
14.6728515625 -26.7822265625
14.8193359375 -26.9287109375
14.8193359375 -26.6357421875
14.6728515625 -26.3427734375
13.6474609375 -24.5849609375
14.9658203125 -26.9287109375
14.9658203125 -27.0751953125
14.0869140625 -25.3173828125
13.5009765625 -24.2919921875
15.1123046875 -27.2216796875
14.9658203125 -27.2216796875
15.1123046875 -27.3681640625
14.5263671875 -26.0498046875
15.2587890625 -27.5146484375
15.2587890625 -27.3681640625
15.2587890625 -27.6611328125
15.4052734375 -27.6611328125
13.9404296875 -25.0244140625
15.4052734375 -27.8076171875
15.1123046875 -27.0751953125
14.3798828125 -25.7568359375
15.4052734375 -27.9541015625
15.5517578125 -27.9541015625
14.9658203125 -26.7822265625
15.5517578125 -28.1005859375
15.6982421875 -28.1005859375
15.6982421875 -28.2470703125
15.5517578125 -27.8076171875
15.6982421875 -28.3935546875
15.8447265625 -28.3935546875
15.8447265625 -28.5400390625
15.8447265625 -28.6865234375
15.4052734375 -27.5146484375
15.9912109375 -28.6865234375
15.9912109375 -28.8330078125
16.1376953125 -28.8330078125
16.1376953125 -28.9794921875
16.1376953125 -29.1259765625
15.9912109375 -28.5400390625
16.2841796875 -29.1259765625
14.8193359375 -26.4892578125
16.2841796875 -29.2724609375
15.6982421875 -27.9541015625
16.4306640625 -29.4189453125
15.8447265625 -28.2470703125
16.2841796875 -29.4189453125
16.5771484375 -29.5654296875
16.4306640625 -29.5654296875
16.5771484375 -29.7119140625
16.4306640625 -29.2724609375
16.5771484375 -29.8583984375
16.7236328125 -29.8583984375
16.7236328125 -30.0048828125
16.7236328125 -30.1513671875
16.8701171875 -30.1513671875
16.8701171875 -30.2978515625
17.0166015625 -30.4443359375
17.0166015625 -30.2978515625
16.8701171875 -30.0048828125
16.7236328125 -29.7119140625
17.1630859375 -30.5908203125
17.0166015625 -30.5908203125
17.1630859375 -30.7373046875
17.3095703125 -30.8837890625
17.3095703125 -30.7373046875
17.3095703125 -31.0302734375
17.1630859375 -30.4443359375
17.0166015625 -30.1513671875
17.4560546875 -31.0302734375
17.4560546875 -31.1767578125
17.6025390625 -31.3232421875
17.6025390625 -31.4697265625
17.6025390625 -31.1767578125
17.7490234375 -31.6162109375
17.7490234375 -31.4697265625
17.7490234375 -31.7626953125
17.4560546875 -31.3232421875
17.8955078125 -31.9091796875
17.8955078125 -31.7626953125
18.0419921875 -32.0556640625
17.8955078125 -32.0556640625
18.0419921875 -32.2021484375
18.1884765625 -32.2021484375
18.1884765625 -32.3486328125
18.1884765625 -32.4951171875
18.3349609375 -32.6416015625
18.0419921875 -32.3486328125
18.3349609375 -32.4951171875
18.3349609375 -32.7880859375
18.4814453125 -32.9345703125
18.4814453125 -32.7880859375
18.6279296875 -33.0810546875
17.1630859375 -30.8837890625
18.6279296875 -32.9345703125
18.7744140625 -33.2275390625
18.6279296875 -33.2275390625
18.7744140625 -33.3740234375
18.9208984375 -33.3740234375
17.6025390625 -31.6162109375
19.0673828125 -33.5205078125
18.9208984375 -33.5205078125
18.4814453125 -33.0810546875
18.4814453125 -32.6416015625
19.2138671875 -33.5205078125
21.7041015625 -32.2021484375
21.5576171875 -32.2021484375
21.4111328125 -32.2021484375
21.4111328125 -32.3486328125
21.2646484375 -32.3486328125
21.2646484375 -32.4951171875
21.1181640625 -32.4951171875
20.9716796875 -32.4951171875
20.9716796875 -32.6416015625
20.8251953125 -32.6416015625
20.6787109375 -32.6416015625
20.6787109375 -32.7880859375
20.5322265625 -32.7880859375
20.5322265625 -32.9345703125
20.3857421875 -32.9345703125
20.2392578125 -32.9345703125
20.2392578125 -33.0810546875
20.0927734375 -33.0810546875
19.9462890625 -33.0810546875
19.9462890625 -33.2275390625
19.7998046875 -33.2275390625
19.7998046875 -33.3740234375
19.6533203125 -33.3740234375
19.5068359375 -33.3740234375
19.5068359375 -33.5205078125
19.3603515625 -33.5205078125
19.6533203125 -33.2275390625
20.8251953125 -32.7880859375
19.3603515625 -33.3740234375
19.0673828125 -33.3740234375
21.7041015625 -32.3486328125
21.5576171875 -32.3486328125
21.4111328125 -32.4951171875
21.1181640625 -32.6416015625
20.3857421875 -33.0810546875
23.0224609375 -31.7626953125
22.8759765625 -31.7626953125
22.8759765625 -31.9091796875
22.7294921875 -31.9091796875
22.5830078125 -31.9091796875
22.4365234375 -32.0556640625
22.2900390625 -32.0556640625
22.2900390625 -32.2021484375
22.1435546875 -32.2021484375
21.9970703125 -32.2021484375
21.9970703125 -32.3486328125
21.8505859375 -32.3486328125
21.7041015625 -32.4951171875
21.5576171875 -32.4951171875
21.4111328125 -32.6416015625
21.2646484375 -32.6416015625
21.1181640625 -32.7880859375
20.9716796875 -32.7880859375
20.8251953125 -32.9345703125
20.6787109375 -32.9345703125
22.1435546875 -32.0556640625
21.8505859375 -32.2021484375
22.7294921875 -31.7626953125
22.4365234375 -31.9091796875
22.5830078125 -31.7626953125
22.8759765625 -31.6162109375
22.2900390625 -31.9091796875
21.9970703125 -32.0556640625
23.3154296875 -31.4697265625
23.1689453125 -31.4697265625
23.1689453125 -31.6162109375
23.0224609375 -31.4697265625
23.0224609375 -31.6162109375
23.3154296875 -31.3232421875
23.4619140625 -31.3232421875
22.4365234375 -31.7626953125
22.7294921875 -31.6162109375
23.1689453125 -31.3232421875
22.8759765625 -31.4697265625
22.1435546875 -31.9091796875
21.8505859375 -32.0556640625
23.6083984375 -31.0302734375
23.6083984375 -31.1767578125
23.4619140625 -31.1767578125
23.7548828125 -31.0302734375
23.3154296875 -31.1767578125
22.5830078125 -31.6162109375
23.9013671875 -30.8837890625
23.7548828125 -30.8837890625
23.9013671875 -30.5908203125
23.9013671875 -30.7373046875
24.3408203125 -29.7119140625
24.3408203125 -29.8583984375
24.1943359375 -29.8583984375
24.1943359375 -30.0048828125
24.1943359375 -30.1513671875
24.0478515625 -30.1513671875
24.0478515625 -30.2978515625
24.0478515625 -30.4443359375
23.9013671875 -30.4443359375
23.7548828125 -30.7373046875
22.2900390625 -31.7626953125
23.0224609375 -31.3232421875
21.9970703125 -31.9091796875
24.1943359375 -30.2978515625
24.0478515625 -30.5908203125
24.4873046875 -29.5654296875
24.3408203125 -29.5654296875
22.7294921875 -31.4697265625
24.6337890625 -29.1259765625
24.6337890625 -29.2724609375
24.4873046875 -29.2724609375
24.4873046875 -29.4189453125
24.7802734375 -28.2470703125
24.7802734375 -28.3935546875
24.7802734375 -28.5400390625
24.7802734375 -28.6865234375
24.7802734375 -28.8330078125
24.7802734375 -28.9794921875
24.6337890625 -28.9794921875
24.3408203125 -30.0048828125
23.6083984375 -30.8837890625
23.4619140625 -31.0302734375
24.9267578125 -28.5400390625
22.4365234375 -31.6162109375
24.9267578125 -28.3935546875
24.9267578125 -28.6865234375
23.1689453125 -31.1767578125
24.6337890625 -28.8330078125
22.8759765625 -31.3232421875
25.0732421875 -28.1005859375
25.0732421875 -28.2470703125
24.9267578125 -28.2470703125
23.3154296875 -31.0302734375
25.0732421875 -27.8076171875
24.9267578125 -27.9541015625
25.0732421875 -27.9541015625
25.0732421875 -28.3935546875
25.0732421875 -27.6611328125
24.4873046875 -29.1259765625
25.0732421875 -27.5146484375
23.7548828125 -30.5908203125
25.0732421875 -27.3681640625
24.3408203125 -29.4189453125
23.9013671875 -30.2978515625
24.1943359375 -29.7119140625
25.2197265625 -26.7822265625
25.0732421875 -26.7822265625
25.2197265625 -26.9287109375
25.0732421875 -26.9287109375
25.2197265625 -27.0751953125
25.0732421875 -27.0751953125
25.0732421875 -27.2216796875
25.2197265625 -27.2216796875
25.2197265625 -26.6357421875
25.2197265625 -27.5146484375
25.2197265625 -27.6611328125
25.2197265625 -27.8076171875
24.0478515625 -30.0048828125
25.2197265625 -26.4892578125
25.2197265625 -27.3681640625
25.2197265625 -27.9541015625
24.9267578125 -28.1005859375
25.3662109375 -26.6357421875
25.3662109375 -26.7822265625
25.3662109375 -26.9287109375
25.2197265625 -26.3427734375
25.2197265625 -26.1962890625
25.2197265625 -25.9033203125
25.2197265625 -26.0498046875
25.2197265625 -25.6103515625
25.2197265625 -25.7568359375
25.3662109375 -25.0244140625
25.2197265625 -25.0244140625
25.2197265625 -25.1708984375
25.2197265625 -25.3173828125
25.2197265625 -25.4638671875
25.2197265625 -24.8779296875
25.3662109375 -24.8779296875
25.3662109375 -25.1708984375
25.3662109375 -25.3173828125
25.3662109375 -25.4638671875
25.3662109375 -25.6103515625
25.3662109375 -24.2919921875
25.3662109375 -24.4384765625
25.3662109375 -24.5849609375
25.3662109375 -24.7314453125
25.3662109375 -25.7568359375
25.3662109375 -24.1455078125
25.5126953125 -24.1455078125
25.3662109375 -25.9033203125
25.3662109375 -26.0498046875
25.3662109375 -23.9990234375
25.5126953125 -24.2919921875
30.0537109375 -21.8017578125
31.5185546875 -23.8525390625
30.0537109375 -21.9482421875
30.2001953125 -21.9482421875
31.3720703125 -23.8525390625
30.2001953125 -22.0947265625
30.2001953125 -22.2412109375
30.3466796875 -22.2412109375
30.3466796875 -22.3876953125
30.4931640625 -22.3876953125
30.4931640625 -22.5341796875
30.6396484375 -22.6806640625
30.6396484375 -22.8271484375
30.7861328125 -22.8271484375
30.7861328125 -22.9736328125
30.7861328125 -23.1201171875
30.9326171875 -23.1201171875
30.9326171875 -23.2666015625
31.3720703125 -23.7060546875
30.9326171875 -23.4130859375
31.0791015625 -23.4130859375
31.0791015625 -23.5595703125
31.2255859375 -23.5595703125
31.2255859375 -23.7060546875
31.6650390625 -23.8525390625
30.4931640625 -22.6806640625
30.6396484375 -22.9736328125
31.2255859375 -23.8525390625
31.8115234375 -23.8525390625
30.0537109375 -22.0947265625
30.3466796875 -22.5341796875
31.9580078125 -23.8525390625
31.3720703125 -23.9990234375
30.4931640625 -22.8271484375
30.2001953125 -22.3876953125
30.3466796875 -22.6806640625
30.6396484375 -23.1201171875
30.7861328125 -23.2666015625
30.7861328125 -23.4130859375
30.9326171875 -23.5595703125
31.0791015625 -23.7060546875
32.1044921875 -23.8525390625
31.9580078125 -23.9990234375
31.8115234375 -23.9990234375
31.6650390625 -23.9990234375
31.5185546875 -23.9990234375
31.2255859375 -23.9990234375
30.4931640625 -22.9736328125
31.0791015625 -23.8525390625
32.3974609375 -23.8525390625
32.3974609375 -23.9990234375
32.2509765625 -23.9990234375
32.1044921875 -23.9990234375
30.0537109375 -21.6552734375
30.0537109375 -22.2412109375
30.2001953125 -22.5341796875
30.3466796875 -22.8271484375
30.6396484375 -23.2666015625
30.9326171875 -23.7060546875
30.2001953125 -22.6806640625
32.5439453125 -23.8525390625
32.2509765625 -23.8525390625
32.6904296875 -23.8525390625
32.8369140625 -23.8525390625
32.8369140625 -23.7060546875
32.6904296875 -23.7060546875
32.5439453125 -23.7060546875
30.0537109375 -21.5087890625
32.9833984375 -23.7060546875
32.3974609375 -23.7060546875
32.2509765625 -23.7060546875
32.1044921875 -23.7060546875
31.9580078125 -23.7060546875
31.8115234375 -23.7060546875
31.6650390625 -23.7060546875
31.5185546875 -23.7060546875
30.0537109375 -21.3623046875
30.2001953125 -21.8017578125
30.3466796875 -22.0947265625
33.1298828125 -23.7060546875
31.0791015625 -23.2666015625
33.2763671875 -23.7060546875
33.4228515625 -23.7060546875
30.9326171875 -22.9736328125
33.5693359375 -23.7060546875
33.8623046875 -23.7060546875
33.7158203125 -23.7060546875
34.0087890625 -23.7060546875
34.1552734375 -23.7060546875
33.1298828125 -23.8525390625
34.3017578125 -23.7060546875
33.2763671875 -23.8525390625
32.9833984375 -23.8525390625
34.4482421875 -23.7060546875
33.7158203125 -23.8525390625
33.5693359375 -23.8525390625
33.4228515625 -23.8525390625
34.5947265625 -23.7060546875
34.7412109375 -23.7060546875
34.8876953125 -23.7060546875
35.0341796875 -23.7060546875
35.1806640625 -23.7060546875
35.3271484375 -23.7060546875
34.0087890625 -23.8525390625
35.4736328125 -23.7060546875
34.3017578125 -23.8525390625
34.1552734375 -23.8525390625
33.8623046875 -23.8525390625
35.6201171875 -23.7060546875
34.4482421875 -23.8525390625
35.7666015625 -23.7060546875
34.5947265625 -23.8525390625
35.9130859375 -23.7060546875
34.8876953125 -23.8525390625
34.7412109375 -23.8525390625
36.0595703125 -23.7060546875
35.0341796875 -23.8525390625
36.2060546875 -23.7060546875
36.3525390625 -23.7060546875
36.4990234375 -23.7060546875
36.6455078125 -23.7060546875
36.7919921875 -23.7060546875
36.9384765625 -23.7060546875
35.1806640625 -23.8525390625
37.0849609375 -23.7060546875
35.3271484375 -23.8525390625
37.2314453125 -23.7060546875
35.4736328125 -23.8525390625
37.3779296875 -23.7060546875
35.6201171875 -23.8525390625
37.5244140625 -23.7060546875
35.7666015625 -23.8525390625
37.6708984375 -23.7060546875
37.8173828125 -23.7060546875
36.0595703125 -23.8525390625
37.9638671875 -23.7060546875
35.9130859375 -23.8525390625
38.1103515625 -23.7060546875
38.2568359375 -23.7060546875
38.4033203125 -23.7060546875
38.5498046875 -23.7060546875
36.2060546875 -23.8525390625
38.6962890625 -23.7060546875
36.3525390625 -23.8525390625
38.8427734375 -23.7060546875
36.4990234375 -23.8525390625
38.9892578125 -23.7060546875
36.6455078125 -23.8525390625
39.1357421875 -23.7060546875
36.9384765625 -23.8525390625
36.7919921875 -23.8525390625
39.2822265625 -23.7060546875
37.0849609375 -23.8525390625
39.4287109375 -23.7060546875
37.2314453125 -23.8525390625
39.5751953125 -23.7060546875
37.3779296875 -23.8525390625
39.7216796875 -23.7060546875
39.8681640625 -23.7060546875
37.5244140625 -23.8525390625
40.0146484375 -23.7060546875
39.8681640625 -23.5595703125
40.3076171875 -23.7060546875
40.1611328125 -23.7060546875
40.6005859375 -23.7060546875
40.4541015625 -23.7060546875
37.9638671875 -23.8525390625
37.8173828125 -23.8525390625
40.7470703125 -23.7060546875
38.1103515625 -23.8525390625
40.8935546875 -23.7060546875
37.6708984375 -23.8525390625
41.0400390625 -23.7060546875
41.1865234375 -23.7060546875
41.3330078125 -23.7060546875
41.4794921875 -23.7060546875
38.2568359375 -23.8525390625
41.6259765625 -23.7060546875
38.4033203125 -23.8525390625
38.5498046875 -23.8525390625
41.7724609375 -23.7060546875
41.9189453125 -23.7060546875
42.0654296875 -23.7060546875
38.6962890625 -23.8525390625
42.2119140625 -23.7060546875
42.3583984375 -23.7060546875
42.5048828125 -23.7060546875
42.6513671875 -23.7060546875
42.7978515625 -23.7060546875
42.9443359375 -23.7060546875
43.0908203125 -23.7060546875
43.2373046875 -23.7060546875
43.3837890625 -23.7060546875
43.5302734375 -23.7060546875
43.6767578125 -23.7060546875
43.8232421875 -23.7060546875
43.9697265625 -23.7060546875
44.1162109375 -23.7060546875
44.2626953125 -23.7060546875
44.4091796875 -23.7060546875
44.5556640625 -23.7060546875
44.7021484375 -23.5595703125
44.5556640625 -23.5595703125
44.8486328125 -23.7060546875
44.7021484375 -23.7060546875
44.9951171875 -23.5595703125
44.8486328125 -23.5595703125
44.2626953125 -23.5595703125
44.1162109375 -23.5595703125
44.9951171875 -23.7060546875
44.4091796875 -23.5595703125
43.9697265625 -23.5595703125
43.8232421875 -23.5595703125
43.6767578125 -23.5595703125
45.1416015625 -23.5595703125
43.5302734375 -23.5595703125
45.2880859375 -23.5595703125
43.3837890625 -23.5595703125
43.2373046875 -23.5595703125
43.0908203125 -23.5595703125
45.7275390625 -23.5595703125
45.5810546875 -23.5595703125
45.4345703125 -23.5595703125
42.9443359375 -23.5595703125
42.7978515625 -23.5595703125
45.8740234375 -23.5595703125
46.0205078125 -23.5595703125
46.1669921875 -23.5595703125
46.3134765625 -23.5595703125
46.4599609375 -23.5595703125
46.4599609375 -23.4130859375
46.6064453125 -23.4130859375
46.6064453125 -23.5595703125
46.3134765625 -23.4130859375
46.7529296875 -23.4130859375
46.7529296875 -23.5595703125
46.1669921875 -23.4130859375
46.0205078125 -23.4130859375
46.8994140625 -23.4130859375
47.0458984375 -23.4130859375
46.8994140625 -23.5595703125
47.0458984375 -23.5595703125
45.7275390625 -23.4130859375
45.8740234375 -23.4130859375
45.5810546875 -23.4130859375
42.6513671875 -23.5595703125
42.5048828125 -23.5595703125
42.3583984375 -23.5595703125
42.2119140625 -23.5595703125
42.0654296875 -23.5595703125
41.9189453125 -23.5595703125
41.7724609375 -23.5595703125
41.6259765625 -23.5595703125
41.4794921875 -23.5595703125
41.3330078125 -23.5595703125
41.1865234375 -23.5595703125
41.0400390625 -23.5595703125
40.8935546875 -23.5595703125
40.7470703125 -23.5595703125
40.6005859375 -23.5595703125
40.4541015625 -23.5595703125
40.3076171875 -23.5595703125
40.1611328125 -23.5595703125
40.0146484375 -23.5595703125
39.7216796875 -23.5595703125
39.5751953125 -23.5595703125
39.4287109375 -23.5595703125
39.2822265625 -23.5595703125
35.1806640625 -23.9990234375
35.0341796875 -23.9990234375
34.8876953125 -23.9990234375
34.7412109375 -23.9990234375
34.5947265625 -23.9990234375
34.4482421875 -23.9990234375
34.3017578125 -23.9990234375
34.1552734375 -23.9990234375
39.1357421875 -23.5595703125
38.9892578125 -23.5595703125
38.8427734375 -23.5595703125
34.0087890625 -23.9990234375
38.6962890625 -23.5595703125
33.8623046875 -23.9990234375
38.5498046875 -23.5595703125
38.4033203125 -23.5595703125
38.2568359375 -23.5595703125
33.7158203125 -23.9990234375
38.1103515625 -23.5595703125
33.5693359375 -23.9990234375
33.4228515625 -23.9990234375
33.2763671875 -23.9990234375
33.1298828125 -23.9990234375
32.9833984375 -23.9990234375
34.0087890625 -29.4189453125
34.1552734375 -29.4189453125
33.8623046875 -29.5654296875
34.4482421875 -29.2724609375
33.7158203125 -29.7119140625
33.5693359375 -29.7119140625
34.0087890625 -29.5654296875
33.5693359375 -29.8583984375
33.4228515625 -29.8583984375
33.2763671875 -29.8583984375
33.2763671875 -30.0048828125
33.1298828125 -30.0048828125
33.1298828125 -30.1513671875
32.9833984375 -30.1513671875
32.8369140625 -30.2978515625
32.9833984375 -30.2978515625
33.4228515625 -30.0048828125
32.6904296875 -30.2978515625
33.8623046875 -29.7119140625
32.6904296875 -30.4443359375
32.5439453125 -30.4443359375
32.8369140625 -30.4443359375
32.5439453125 -30.5908203125
32.3974609375 -30.5908203125
33.2763671875 -30.1513671875
32.2509765625 -30.5908203125
32.2509765625 -30.7373046875
32.1044921875 -30.7373046875
32.3974609375 -30.7373046875
32.1044921875 -30.8837890625
31.9580078125 -30.8837890625
31.8115234375 -30.8837890625
31.8115234375 -31.0302734375
31.9580078125 -31.0302734375
32.2509765625 -30.8837890625
33.7158203125 -29.8583984375
34.3017578125 -29.4189453125
33.1298828125 -30.2978515625
32.6904296875 -30.5908203125
32.1044921875 -31.0302734375
33.5693359375 -30.0048828125
32.5439453125 -30.7373046875
34.1552734375 -29.5654296875
33.4228515625 -30.1513671875
32.3974609375 -30.8837890625
31.9580078125 -31.1767578125
31.8115234375 -31.1767578125
5.7373046875 -2.4658203125
5.5908203125 -2.4658203125
5.4443359375 -2.4658203125
5.2978515625 -2.4658203125
5.1513671875 -2.4658203125
5.0048828125 -2.4658203125
4.8583984375 -2.4658203125
4.7119140625 -2.4658203125
4.5654296875 -2.4658203125
4.4189453125 -2.4658203125
4.2724609375 -2.4658203125
4.1259765625 -2.4658203125
3.9794921875 -2.4658203125
3.9794921875 -2.6123046875
3.8330078125 -2.6123046875
3.6865234375 -2.6123046875
3.5400390625 -2.6123046875
3.3935546875 -2.6123046875
3.2470703125 -2.6123046875
3.1005859375 -2.6123046875
2.9541015625 -2.6123046875
2.8076171875 -2.6123046875
2.6611328125 -2.6123046875
2.5146484375 -2.6123046875
2.3681640625 -2.6123046875
2.2216796875 -2.6123046875
4.1259765625 -2.6123046875
5.8837890625 -2.4658203125
3.8330078125 -2.4658203125
3.6865234375 -2.4658203125
3.5400390625 -2.4658203125
3.3935546875 -2.4658203125
6.0302734375 -2.4658203125
3.2470703125 -2.4658203125
3.1005859375 -2.4658203125
2.9541015625 -2.4658203125
2.8076171875 -2.4658203125
6.1767578125 -2.4658203125
6.1767578125 -2.3193359375
6.0302734375 -2.3193359375
6.3232421875 -2.4658203125
6.3232421875 -2.3193359375
6.4697265625 -2.3193359375
6.4697265625 -2.4658203125
5.8837890625 -2.3193359375
6.6162109375 -2.3193359375
5.7373046875 -2.3193359375
6.7626953125 -2.3193359375
6.6162109375 -2.4658203125
6.9091796875 -2.3193359375
7.0556640625 -2.3193359375
6.7626953125 -2.4658203125
7.2021484375 -2.3193359375
7.3486328125 -2.3193359375
7.0556640625 -2.4658203125
6.9091796875 -2.4658203125
7.4951171875 -2.3193359375
7.6416015625 -2.3193359375
7.3486328125 -2.4658203125
7.4951171875 -2.4658203125
7.2021484375 -2.4658203125
7.7880859375 -2.3193359375
4.2724609375 -2.6123046875
8.5205078125 -3.0517578125
8.6669921875 -3.0517578125
8.5205078125 -2.9052734375
8.5205078125 -2.7587890625
8.3740234375 -2.6123046875
8.3740234375 -2.7587890625
8.3740234375 -2.4658203125
8.2275390625 -2.4658203125
8.2275390625 -2.3193359375
8.0810546875 -2.3193359375
7.9345703125 -2.3193359375
7.6416015625 -2.4658203125
7.7880859375 -2.4658203125
8.6669921875 -2.9052734375
7.9345703125 -2.4658203125
8.8134765625 -3.1982421875
8.6669921875 -3.1982421875
8.8134765625 -3.4912109375
8.8134765625 -3.3447265625
8.9599609375 -3.6376953125
8.8134765625 -3.6376953125
8.5205078125 -2.6123046875
8.9599609375 -3.4912109375
9.1064453125 -3.7841796875
9.1064453125 -3.6376953125
8.9599609375 -3.3447265625
8.3740234375 -2.3193359375
9.1064453125 -3.9306640625
8.8134765625 -3.0517578125
9.2529296875 -3.7841796875
9.2529296875 -3.9306640625
8.6669921875 -2.7587890625
8.5205078125 -2.4658203125
9.1064453125 -3.4912109375
8.9599609375 -3.1982421875
9.3994140625 -4.0771484375
9.2529296875 -3.6376953125
8.0810546875 -2.4658203125
9.3994140625 -3.9306640625
9.3994140625 -4.2236328125
9.1064453125 -3.3447265625
8.8134765625 -2.9052734375
9.3994140625 -3.7841796875
9.5458984375 -4.2236328125
9.5458984375 -4.3701171875
9.5458984375 -4.0771484375
9.6923828125 -4.8095703125
9.6923828125 -4.9560546875
9.5458984375 -4.8095703125
9.6923828125 -4.6630859375
9.5458984375 -4.6630859375
9.6923828125 -4.5166015625
9.5458984375 -4.5166015625
9.6923828125 -4.3701171875
9.5458984375 -3.9306640625
9.2529296875 -3.4912109375
9.3994140625 -7.4462890625
9.5458984375 -7.1533203125
9.3994140625 -7.1533203125
9.5458984375 -7.0068359375
9.5458984375 -6.8603515625
9.5458984375 -6.7138671875
9.5458984375 -6.5673828125
9.5458984375 -6.4208984375
9.5458984375 -6.2744140625
9.6923828125 -6.1279296875
9.5458984375 -6.1279296875
9.6923828125 -5.9814453125
9.5458984375 -5.9814453125
9.6923828125 -5.8349609375
9.5458984375 -5.8349609375
9.6923828125 -5.6884765625
9.6923828125 -5.5419921875
9.6923828125 -5.3955078125
9.6923828125 -5.2490234375
9.6923828125 -5.1025390625
9.3994140625 -7.7392578125
9.3994140625 -7.5927734375
9.5458984375 -7.5927734375
9.5458984375 -7.4462890625
9.5458984375 -7.2998046875
9.3994140625 -7.2998046875
9.3994140625 -7.8857421875
9.3994140625 -8.1787109375
9.3994140625 -8.0322265625
9.3994140625 -8.3251953125
9.2529296875 -8.9111328125
9.2529296875 -8.7646484375
9.2529296875 -8.6181640625
9.3994140625 -8.4716796875
9.2529296875 -8.4716796875
9.2529296875 -8.3251953125
9.5458984375 -5.6884765625
9.3994140625 -7.0068359375
9.2529296875 -9.0576171875
9.3994140625 -8.6181640625
9.2529296875 -9.2041015625
9.3994140625 -8.7646484375
9.2529296875 -9.4970703125
9.2529296875 -9.3505859375
9.3994140625 -9.0576171875
9.3994140625 -8.9111328125
9.3994140625 -9.3505859375
9.3994140625 -9.2041015625
9.5458984375 -7.8857421875
9.5458984375 -7.7392578125
9.6923828125 -6.2744140625
9.2529296875 -9.7900390625
9.3994140625 -9.6435546875
9.3994140625 -9.4970703125
9.5458984375 -8.1787109375
9.5458984375 -8.0322265625
9.6923828125 -6.5673828125
9.6923828125 -6.4208984375
9.2529296875 -9.6435546875
9.1064453125 -9.7900390625
9.2529296875 -8.1787109375
9.3994140625 -6.8603515625
9.5458984375 -5.5419921875
9.1064453125 -9.6435546875
9.1064453125 -9.4970703125
9.3994140625 -6.7138671875
9.2529296875 -8.0322265625
9.1064453125 -9.3505859375
9.1064453125 -9.2041015625
9.3994140625 -6.5673828125
9.2529296875 -7.8857421875
9.2529296875 -7.7392578125
9.3994140625 -6.4208984375
9.1064453125 -9.9365234375
9.1064453125 -9.0576171875
9.2529296875 -7.5927734375
9.1064453125 -8.9111328125
9.2529296875 -7.4462890625
9.3994140625 -6.2744140625
9.1064453125 -10.0830078125
9.1064453125 -8.7646484375
8.9599609375 -10.0830078125
8.9599609375 -9.9365234375
9.1064453125 -8.6181640625
8.9599609375 -10.2294921875
8.9599609375 -9.7900390625
8.9599609375 -9.6435546875
9.1064453125 -8.4716796875
9.1064453125 -8.3251953125
9.2529296875 -7.2998046875
9.2529296875 -7.1533203125
9.1064453125 -8.1787109375
8.9599609375 -9.4970703125
8.9599609375 -10.3759765625
9.2529296875 -7.0068359375
8.8134765625 -10.5224609375
8.9599609375 -10.5224609375
8.8134765625 -10.3759765625
8.8134765625 -10.2294921875
8.9599609375 -9.3505859375
9.1064453125 -8.0322265625
8.9599609375 -9.2041015625
8.9599609375 -9.0576171875
9.1064453125 -7.8857421875
8.8134765625 -10.6689453125
8.8134765625 -10.0830078125
8.9599609375 -8.9111328125
9.1064453125 -7.7392578125
8.8134765625 -9.9365234375
8.8134765625 -9.7900390625
8.9599609375 -8.7646484375
8.8134765625 -10.8154296875
8.6669921875 -10.8154296875
9.1064453125 -7.5927734375
8.8134765625 -10.9619140625
8.6669921875 -10.9619140625
8.9599609375 -8.6181640625
8.6669921875 -11.1083984375
8.6669921875 -11.2548828125
8.8134765625 -11.1083984375
8.8134765625 -11.2548828125
8.6669921875 -11.4013671875
8.6669921875 -11.5478515625
8.6669921875 -11.6943359375
8.6669921875 -10.6689453125
8.8134765625 -9.6435546875
8.5205078125 -11.8408203125
8.5205078125 -11.6943359375
8.5205078125 -11.5478515625
8.5205078125 -11.9873046875
8.8134765625 -9.4970703125
8.9599609375 -8.4716796875
8.5205078125 -12.1337890625
8.6669921875 -10.5224609375
8.6669921875 -10.3759765625
8.5205078125 -12.2802734375
8.5205078125 -11.4013671875
8.5205078125 -12.4267578125
8.3740234375 -12.4267578125
8.3740234375 -12.2802734375
8.3740234375 -12.1337890625
8.3740234375 -12.5732421875
8.3740234375 -12.7197265625
8.8134765625 -9.3505859375
8.5205078125 -11.2548828125
8.3740234375 -12.8662109375
8.3740234375 -13.0126953125
8.6669921875 -10.2294921875
8.5205078125 -11.1083984375
8.2275390625 -13.1591796875
8.2275390625 -13.0126953125
8.6669921875 -10.0830078125
8.2275390625 -13.3056640625
8.2275390625 -12.8662109375
8.3740234375 -11.9873046875
8.2275390625 -13.4521484375
8.3740234375 -13.1591796875
8.2275390625 -13.5986328125
8.2275390625 -13.7451171875
8.2275390625 -13.8916015625
8.3740234375 -13.3056640625
8.0810546875 -14.0380859375
8.2275390625 -14.0380859375
8.0810546875 -14.1845703125
8.2275390625 -14.1845703125
8.0810546875 -14.3310546875
8.0810546875 -14.4775390625
8.0810546875 -14.6240234375
7.9345703125 -14.7705078125
8.0810546875 -13.8916015625
7.9345703125 -14.9169921875
7.9345703125 -14.6240234375
7.9345703125 -15.0634765625
8.0810546875 -13.7451171875
7.9345703125 -15.2099609375
8.3740234375 -11.8408203125
7.7880859375 -15.3564453125
7.7880859375 -15.2099609375
7.9345703125 -14.4775390625
7.7880859375 -15.5029296875
7.7880859375 -15.6494140625
8.2275390625 -12.7197265625
7.6416015625 -15.7958984375
7.7880859375 -15.7958984375
7.7880859375 -15.0634765625
7.9345703125 -14.3310546875
8.0810546875 -13.5986328125
7.6416015625 -15.9423828125
7.6416015625 -16.0888671875
7.6416015625 -16.2353515625
7.6416015625 -15.6494140625
7.6416015625 -16.3818359375
7.4951171875 -16.3818359375
7.4951171875 -16.5283203125
7.4951171875 -16.6748046875
7.4951171875 -16.8212890625
7.7880859375 -15.9423828125
7.4951171875 -16.9677734375
7.3486328125 -17.1142578125
7.3486328125 -16.9677734375
7.3486328125 -17.2607421875
7.3486328125 -17.4072265625
7.3486328125 -17.5537109375
7.7880859375 -14.9169921875
7.2021484375 -17.7001953125
7.2021484375 -17.8466796875
7.4951171875 -16.2353515625
7.2021484375 -17.9931640625
7.3486328125 -17.7001953125
7.2021484375 -18.1396484375
7.3486328125 -17.8466796875
7.4951171875 -17.1142578125
7.2021484375 -18.2861328125
7.2021484375 -18.4326171875
7.0556640625 -18.5791015625
7.0556640625 -18.7255859375
7.2021484375 -18.5791015625
7.0556640625 -18.8720703125
7.0556640625 -19.0185546875
7.0556640625 -18.4326171875
6.9091796875 -19.1650390625
7.0556640625 -19.1650390625
6.9091796875 -19.3115234375
6.9091796875 -19.4580078125
6.9091796875 -19.6044921875
6.9091796875 -19.7509765625
6.7626953125 -19.8974609375
6.7626953125 -19.7509765625
6.9091796875 -19.8974609375
6.7626953125 -20.0439453125
6.7626953125 -20.1904296875
6.9091796875 -19.0185546875
6.7626953125 -20.3369140625
6.6162109375 -20.4833984375
6.7626953125 -20.4833984375
6.7626953125 -19.6044921875
6.6162109375 -20.6298828125
7.0556640625 -18.2861328125
6.6162109375 -20.7763671875
6.7626953125 -20.6298828125
6.6162109375 -20.9228515625
6.6162109375 -21.0693359375
6.4697265625 -21.2158203125
6.6162109375 -21.2158203125
6.4697265625 -21.3623046875
6.4697265625 -21.5087890625
6.6162109375 -20.3369140625
7.0556640625 -19.3115234375
6.3232421875 -21.6552734375
6.3232421875 -21.8017578125
6.4697265625 -21.0693359375
6.3232421875 -21.9482421875
6.3232421875 -21.5087890625
6.1767578125 -21.9482421875
6.4697265625 -21.6552734375
6.1767578125 -22.0947265625
6.0302734375 -22.2412109375
6.0302734375 -22.3876953125
5.8837890625 -22.3876953125
6.1767578125 -22.2412109375
5.7373046875 -22.3876953125
6.3232421875 -22.0947265625
6.6162109375 -21.3623046875
6.4697265625 -21.8017578125
6.7626953125 -20.7763671875
6.1767578125 -22.3876953125
5.7373046875 -22.5341796875
5.8837890625 -22.5341796875
7.3486328125 -28.3935546875
7.2021484375 -28.3935546875
7.0556640625 -28.3935546875
6.9091796875 -28.3935546875
6.9091796875 -28.2470703125
6.7626953125 -28.2470703125
6.7626953125 -28.3935546875
6.6162109375 -28.2470703125
6.6162109375 -28.3935546875
6.4697265625 -28.2470703125
6.4697265625 -28.3935546875
6.3232421875 -28.2470703125
6.1767578125 -28.2470703125
6.0302734375 -28.2470703125
5.8837890625 -28.2470703125
5.7373046875 -28.2470703125
5.5908203125 -28.2470703125
7.6416015625 -28.3935546875
7.4951171875 -28.3935546875
6.3232421875 -28.3935546875
6.1767578125 -28.3935546875
6.0302734375 -28.3935546875
5.8837890625 -28.3935546875
5.7373046875 -28.3935546875
8.0810546875 -28.5400390625
7.9345703125 -28.5400390625
7.9345703125 -28.3935546875
7.7880859375 -28.3935546875
7.7880859375 -28.5400390625
7.6416015625 -28.5400390625
7.4951171875 -28.5400390625
7.2021484375 -28.5400390625
8.3740234375 -28.5400390625
8.2275390625 -28.5400390625
7.3486328125 -28.5400390625
7.0556640625 -28.5400390625
6.9091796875 -28.5400390625
8.8134765625 -28.5400390625
8.6669921875 -28.5400390625
8.5205078125 -28.5400390625
6.6162109375 -28.5400390625
6.3232421875 -28.5400390625
6.1767578125 -28.5400390625
6.0302734375 -28.5400390625
5.8837890625 -28.5400390625
8.9599609375 -28.5400390625
9.2529296875 -28.6865234375
9.1064453125 -28.6865234375
9.1064453125 -28.5400390625
8.6669921875 -28.3935546875
8.5205078125 -28.3935546875
8.3740234375 -28.3935546875
8.2275390625 -28.3935546875
8.0810546875 -28.3935546875
9.3994140625 -28.6865234375
8.8134765625 -28.3935546875
9.6923828125 -28.8330078125
9.5458984375 -28.8330078125
9.5458984375 -28.6865234375
9.2529296875 -28.5400390625
8.9599609375 -28.3935546875
7.2021484375 -28.2470703125
7.0556640625 -28.2470703125
9.8388671875 -28.8330078125
9.3994140625 -28.5400390625
7.4951171875 -28.2470703125
7.3486328125 -28.2470703125
9.9853515625 -28.9794921875
9.6923828125 -28.6865234375
9.1064453125 -28.3935546875
7.9345703125 -28.2470703125
7.7880859375 -28.2470703125
7.6416015625 -28.2470703125
10.1318359375 -28.9794921875
9.8388671875 -28.9794921875
10.2783203125 -29.1259765625
10.1318359375 -29.1259765625
10.4248046875 -29.1259765625
10.4248046875 -29.2724609375
10.5712890625 -29.2724609375
10.7177734375 -29.4189453125
10.5712890625 -29.4189453125
10.8642578125 -29.5654296875
10.8642578125 -29.4189453125
10.7177734375 -29.2724609375
9.9853515625 -29.1259765625
11.0107421875 -29.5654296875
11.0107421875 -29.7119140625
11.1572265625 -29.7119140625
11.1572265625 -29.8583984375
11.1572265625 -30.0048828125
9.6923828125 -28.9794921875
11.3037109375 -30.1513671875
11.3037109375 -30.0048828125
11.4501953125 -30.2978515625
11.4501953125 -30.1513671875
11.4501953125 -30.4443359375
9.3994140625 -28.8330078125
11.5966796875 -30.4443359375
11.3037109375 -29.8583984375
11.5966796875 -30.5908203125
11.7431640625 -30.7373046875
10.2783203125 -29.2724609375
11.7431640625 -30.8837890625
11.7431640625 -30.5908203125
11.5966796875 -30.2978515625
11.8896484375 -30.8837890625
11.8896484375 -31.0302734375
11.8896484375 -31.1767578125
12.0361328125 -31.3232421875
12.0361328125 -31.1767578125
12.1826171875 -31.4697265625
12.1826171875 -31.6162109375
12.0361328125 -31.4697265625
12.3291015625 -31.6162109375
12.1826171875 -31.3232421875
12.3291015625 -31.7626953125
12.3291015625 -31.9091796875
12.4755859375 -32.0556640625
12.4755859375 -31.9091796875
12.0361328125 -31.0302734375
12.1826171875 -31.7626953125
14.3798828125 -35.1318359375
14.2333984375 -35.1318359375
14.2333984375 -34.9853515625
14.2333984375 -34.8388671875
14.0869140625 -34.9853515625
14.0869140625 -34.8388671875
14.0869140625 -34.6923828125
13.9404296875 -34.6923828125
13.9404296875 -34.5458984375
13.9404296875 -34.3994140625
13.7939453125 -34.3994140625
13.7939453125 -34.2529296875
13.7939453125 -34.1064453125
13.6474609375 -34.1064453125
13.6474609375 -33.9599609375
13.5009765625 -33.9599609375
13.5009765625 -33.8134765625
13.5009765625 -33.6669921875
13.3544921875 -33.6669921875
13.3544921875 -33.5205078125
14.3798828125 -35.2783203125
13.6474609375 -34.2529296875
14.3798828125 -35.4248046875
14.5263671875 -35.4248046875
13.6474609375 -33.8134765625
14.5263671875 -35.5712890625
14.6728515625 -35.7177734375
14.6728515625 -35.8642578125
14.6728515625 -35.5712890625
14.5263671875 -35.7177734375
14.8193359375 -36.3037109375
14.8193359375 -36.1572265625
14.6728515625 -36.0107421875
14.8193359375 -36.0107421875
14.8193359375 -36.4501953125
14.6728515625 -36.1572265625
14.2333984375 -35.2783203125
14.6728515625 -36.3037109375
14.6728515625 -36.4501953125
14.6728515625 -36.5966796875
14.3798828125 -37.4755859375
14.3798828125 -37.3291015625
14.5263671875 -37.1826171875
14.5263671875 -37.0361328125
14.5263671875 -36.8896484375
14.6728515625 -36.8896484375
14.6728515625 -36.7431640625
14.5263671875 -36.7431640625
14.3798828125 -37.1826171875
14.8193359375 -35.8642578125
13.9404296875 -38.7939453125
13.9404296875 -38.6474609375
14.0869140625 -38.6474609375
14.0869140625 -38.5009765625
14.0869140625 -38.3544921875
14.0869140625 -38.2080078125
14.2333984375 -38.2080078125
14.2333984375 -38.0615234375
14.2333984375 -37.9150390625
14.2333984375 -37.7685546875
14.3798828125 -37.6220703125
14.2333984375 -37.6220703125
13.9404296875 -38.5009765625
14.0869140625 -38.0615234375
14.3798828125 -37.7685546875
14.5263671875 -37.3291015625
13.7939453125 -39.0869140625
13.7939453125 -39.2333984375
13.9404296875 -39.0869140625
13.9404296875 -38.9404296875
13.7939453125 -38.9404296875
14.5263671875 -37.4755859375
14.3798828125 -37.9150390625
13.7939453125 -39.5263671875
13.7939453125 -39.3798828125
23.0224609375 -38.0615234375
22.8759765625 -38.0615234375
22.8759765625 -38.2080078125
22.7294921875 -38.2080078125
22.7294921875 -38.3544921875
22.5830078125 -38.3544921875
22.4365234375 -38.3544921875
22.4365234375 -38.5009765625
22.2900390625 -38.5009765625
22.1435546875 -38.6474609375
21.9970703125 -38.6474609375
21.9970703125 -38.7939453125
21.8505859375 -38.7939453125
21.8505859375 -38.9404296875
21.7041015625 -38.9404296875
21.5576171875 -38.9404296875
21.5576171875 -39.0869140625
21.4111328125 -39.0869140625
21.4111328125 -39.2333984375
21.2646484375 -39.2333984375
21.1181640625 -39.2333984375
21.1181640625 -39.3798828125
20.9716796875 -39.3798828125
23.1689453125 -37.9150390625
23.1689453125 -38.0615234375
23.0224609375 -37.9150390625
22.1435546875 -38.5009765625
23.4619140625 -37.7685546875
23.3154296875 -37.7685546875
23.3154296875 -37.9150390625
22.2900390625 -38.6474609375
23.6083984375 -37.6220703125
23.4619140625 -37.6220703125
23.7548828125 -37.4755859375
23.7548828125 -37.6220703125
21.7041015625 -38.7939453125
23.9013671875 -37.3291015625
23.9013671875 -37.4755859375
22.5830078125 -38.2080078125
24.0478515625 -37.3291015625
20.9716796875 -39.5263671875
20.8251953125 -39.5263671875
20.8251953125 -39.6728515625
20.6787109375 -39.6728515625
20.5322265625 -39.6728515625
20.5322265625 -39.8193359375
20.3857421875 -39.8193359375
20.3857421875 -39.9658203125
20.2392578125 -39.9658203125
20.0927734375 -39.9658203125
20.0927734375 -40.1123046875
19.9462890625 -40.1123046875
19.9462890625 -40.2587890625
19.7998046875 -40.2587890625
24.1943359375 -37.1826171875
24.0478515625 -37.1826171875
23.1689453125 -37.7685546875
24.3408203125 -37.0361328125
24.3408203125 -37.1826171875
24.1943359375 -37.0361328125
24.4873046875 -37.0361328125
24.4873046875 -36.8896484375
23.6083984375 -37.4755859375
24.6337890625 -36.7431640625
24.6337890625 -36.8896484375
23.7548828125 -37.3291015625
22.7294921875 -38.0615234375
24.7802734375 -36.7431640625
22.2900390625 -38.3544921875
24.9267578125 -36.5966796875
24.7802734375 -36.5966796875
25.0732421875 -36.4501953125
25.2197265625 -36.4501953125
25.0732421875 -36.5966796875
25.2197265625 -36.3037109375
24.9267578125 -36.7431640625
23.3154296875 -37.6220703125
25.3662109375 -36.3037109375
25.5126953125 -36.1572265625
25.3662109375 -36.1572265625
25.5126953125 -36.3037109375
22.8759765625 -37.9150390625
25.6591796875 -36.1572265625
24.3408203125 -36.8896484375
25.6591796875 -36.0107421875
23.9013671875 -37.1826171875
25.8056640625 -35.8642578125
25.8056640625 -36.0107421875
24.9267578125 -36.4501953125
24.0478515625 -37.0361328125
25.9521484375 -35.8642578125
25.9521484375 -35.7177734375
25.5126953125 -36.0107421875
23.4619140625 -37.4755859375
26.0986328125 -35.7177734375
24.4873046875 -36.7431640625
26.2451171875 -35.5712890625
26.0986328125 -35.5712890625
23.0224609375 -37.7685546875
26.3916015625 -35.5712890625
25.6591796875 -35.8642578125
25.0732421875 -36.3037109375
24.6337890625 -36.5966796875
23.1689453125 -37.6220703125
26.3916015625 -35.4248046875
25.2197265625 -36.1572265625
23.6083984375 -37.3291015625
26.5380859375 -35.4248046875
26.6845703125 -35.2783203125
26.5380859375 -35.2783203125
26.2451171875 -35.4248046875
25.8056640625 -35.7177734375
24.1943359375 -36.8896484375
24.7802734375 -36.4501953125
26.8310546875 -35.1318359375
26.6845703125 -35.1318359375
26.9775390625 -35.1318359375
26.9775390625 -34.9853515625
26.8310546875 -34.9853515625
27.1240234375 -34.8388671875
27.1240234375 -34.9853515625
27.2705078125 -34.8388671875
27.2705078125 -34.6923828125
26.3916015625 -35.2783203125
25.9521484375 -35.5712890625
27.4169921875 -34.6923828125
27.5634765625 -34.5458984375
27.4169921875 -34.5458984375
25.3662109375 -36.0107421875
27.5634765625 -34.3994140625
24.9267578125 -36.3037109375
27.7099609375 -34.3994140625
26.9775390625 -34.8388671875
27.8564453125 -34.2529296875
27.7099609375 -34.2529296875
28.0029296875 -34.1064453125
28.0029296875 -34.2529296875
25.5126953125 -35.8642578125
28.1494140625 -34.1064453125
27.8564453125 -34.3994140625
28.2958984375 -33.9599609375
28.1494140625 -33.9599609375
26.5380859375 -35.1318359375
28.4423828125 -33.8134765625
28.4423828125 -33.9599609375
28.5888671875 -33.6669921875
28.5888671875 -33.8134765625
28.2958984375 -33.8134765625
28.7353515625 -33.6669921875
26.6845703125 -34.9853515625
28.8818359375 -33.5205078125
28.7353515625 -33.5205078125
28.4423828125 -33.6669921875
27.1240234375 -34.6923828125
29.0283203125 -33.3740234375
28.8818359375 -33.3740234375
26.0986328125 -35.4248046875
27.2705078125 -34.5458984375
29.1748046875 -33.2275390625
27.8564453125 -34.1064453125
29.3212890625 -33.2275390625
29.3212890625 -33.0810546875
29.0283203125 -33.2275390625
29.4677734375 -32.9345703125
29.4677734375 -33.0810546875
29.1748046875 -33.0810546875
29.6142578125 -32.9345703125
29.6142578125 -32.7880859375
29.7607421875 -32.6416015625
29.7607421875 -32.7880859375
29.9072265625 -32.4951171875
28.0029296875 -33.9599609375
27.4169921875 -34.3994140625
29.9072265625 -32.3486328125
29.7607421875 -32.4951171875
28.5888671875 -33.5205078125
30.0537109375 -32.3486328125
30.0537109375 -32.2021484375
29.9072265625 -32.6416015625
30.2001953125 -32.0556640625
30.2001953125 -32.2021484375
30.3466796875 -31.9091796875
30.3466796875 -32.0556640625
30.4931640625 -31.7626953125
30.6396484375 -31.6162109375
30.4931640625 -31.6162109375
30.4931640625 -31.9091796875
30.0537109375 -32.4951171875
30.6396484375 -31.4697265625
30.7861328125 -31.4697265625
30.3466796875 -31.7626953125
30.7861328125 -31.3232421875
30.9326171875 -31.3232421875
31.0791015625 -31.1767578125
30.9326171875 -31.1767578125
30.2001953125 -31.9091796875
31.2255859375 -31.0302734375
31.3720703125 -31.0302734375
31.2255859375 -31.1767578125
31.3720703125 -30.8837890625
29.3212890625 -32.9345703125
31.5185546875 -30.8837890625
29.4677734375 -32.7880859375
31.6650390625 -30.7373046875
31.5185546875 -30.7373046875
31.8115234375 -30.7373046875
30.0537109375 -32.0556640625
31.8115234375 -30.5908203125
29.6142578125 -32.6416015625
31.9580078125 -30.5908203125
31.0791015625 -31.0302734375
30.6396484375 -31.3232421875
31.9580078125 -30.4443359375
30.4931640625 -31.4697265625
32.1044921875 -30.2978515625
32.1044921875 -30.4443359375
30.3466796875 -31.6162109375
31.6650390625 -30.5908203125
30.7861328125 -31.1767578125
32.6904296875 -30.0048828125
32.5439453125 -30.0048828125
32.5439453125 -30.1513671875
32.3974609375 -30.2978515625
32.2509765625 -30.2978515625
32.2509765625 -30.4443359375
32.8369140625 -29.8583984375
32.3974609375 -30.1513671875
32.1044921875 -30.5908203125
32.8369140625 -30.0048828125
31.6650390625 -30.8837890625
32.9833984375 -29.8583984375
33.1298828125 -29.7119140625
32.6904296875 -30.1513671875
31.9580078125 -30.7373046875
32.5439453125 -30.2978515625
33.2763671875 -29.5654296875
33.2763671875 -29.7119140625
33.1298828125 -29.8583984375
33.4228515625 -29.5654296875
32.9833984375 -29.7119140625
33.5693359375 -29.4189453125
33.5693359375 -29.5654296875
33.7158203125 -29.4189453125
33.7158203125 -29.2724609375
33.4228515625 -29.4189453125
33.8623046875 -29.2724609375
34.0087890625 -29.1259765625
33.8623046875 -29.1259765625
34.0087890625 -29.2724609375
34.1552734375 -29.1259765625
34.3017578125 -28.9794921875
34.1552734375 -28.9794921875
34.4482421875 -28.9794921875
34.5947265625 -28.9794921875
34.3017578125 -29.1259765625
33.5693359375 -29.2724609375
33.1298828125 -29.5654296875
32.6904296875 -29.8583984375
33.7158203125 -29.1259765625
34.4482421875 -29.1259765625
34.8876953125 -29.1259765625
34.8876953125 -28.9794921875
34.7412109375 -28.9794921875
34.5947265625 -29.1259765625
34.0087890625 -28.9794921875
35.0341796875 -28.9794921875
35.1806640625 -28.9794921875
35.3271484375 -28.9794921875
35.4736328125 -28.9794921875
33.8623046875 -29.4189453125
33.4228515625 -29.7119140625
32.9833984375 -30.0048828125
32.3974609375 -30.4443359375
32.8369140625 -30.1513671875
35.6201171875 -28.9794921875
33.7158203125 -29.5654296875
35.7666015625 -28.9794921875
34.1552734375 -29.2724609375
37.2314453125 -28.8330078125
37.2314453125 -28.9794921875
37.0849609375 -28.8330078125
37.0849609375 -28.9794921875
36.9384765625 -28.8330078125
36.9384765625 -28.9794921875
36.7919921875 -28.9794921875
36.6455078125 -28.8330078125
36.6455078125 -28.9794921875
36.4990234375 -28.9794921875
36.3525390625 -28.9794921875
36.2060546875 -28.9794921875
36.0595703125 -28.9794921875
35.9130859375 -28.9794921875
37.3779296875 -28.8330078125
37.3779296875 -28.9794921875
37.5244140625 -28.9794921875
37.6708984375 -28.9794921875
35.0341796875 -29.1259765625
34.7412109375 -29.1259765625
37.8173828125 -28.9794921875
34.3017578125 -29.2724609375
37.9638671875 -28.9794921875
35.1806640625 -29.1259765625
38.2568359375 -28.9794921875
38.1103515625 -28.8330078125
38.1103515625 -28.9794921875
37.5244140625 -28.8330078125
38.4033203125 -28.8330078125
38.4033203125 -28.9794921875
38.2568359375 -28.8330078125
37.9638671875 -28.8330078125
37.8173828125 -28.8330078125
38.5498046875 -28.8330078125
38.6962890625 -28.8330078125
38.5498046875 -28.9794921875
35.3271484375 -29.1259765625
38.6962890625 -28.9794921875
38.8427734375 -28.9794921875
35.9130859375 -29.1259765625
35.7666015625 -29.1259765625
35.4736328125 -29.1259765625
35.6201171875 -29.1259765625
38.9892578125 -28.9794921875
36.0595703125 -29.1259765625
36.4990234375 -29.1259765625
36.2060546875 -29.1259765625
39.1357421875 -28.9794921875
36.3525390625 -29.1259765625
39.2822265625 -28.9794921875
39.4287109375 -28.9794921875
36.7919921875 -29.1259765625
39.5751953125 -28.9794921875
36.6455078125 -29.1259765625
39.8681640625 -28.9794921875
39.7216796875 -28.9794921875
36.9384765625 -29.1259765625
37.0849609375 -29.1259765625
37.2314453125 -29.1259765625
37.3779296875 -29.1259765625
37.5244140625 -29.1259765625
37.6708984375 -29.1259765625
37.8173828125 -29.1259765625
38.6962890625 -29.1259765625
38.1103515625 -29.1259765625
37.9638671875 -29.1259765625
38.2568359375 -29.1259765625
40.0146484375 -28.9794921875
39.1357421875 -29.1259765625
38.9892578125 -29.1259765625
38.4033203125 -29.1259765625
39.2822265625 -29.1259765625
38.5498046875 -29.1259765625
40.7470703125 -28.9794921875
40.6005859375 -28.9794921875
40.4541015625 -28.9794921875
40.3076171875 -28.9794921875
40.1611328125 -28.9794921875
39.7216796875 -29.1259765625
39.4287109375 -29.1259765625
38.8427734375 -29.1259765625
39.5751953125 -29.1259765625
41.9189453125 -29.1259765625
41.7724609375 -28.9794921875
41.7724609375 -29.1259765625
41.6259765625 -28.9794921875
41.4794921875 -28.9794921875
41.3330078125 -28.9794921875
41.1865234375 -28.9794921875
41.0400390625 -28.9794921875
40.8935546875 -28.9794921875
42.3583984375 -29.4189453125
42.2119140625 -29.2724609375
42.0654296875 -29.2724609375
42.0654296875 -29.1259765625
40.3076171875 -29.1259765625
40.1611328125 -29.1259765625
42.9443359375 -29.8583984375
42.9443359375 -29.7119140625
42.7978515625 -29.7119140625
42.6513671875 -29.5654296875
42.6513671875 -29.7119140625
42.5048828125 -29.5654296875
42.5048828125 -29.4189453125
42.2119140625 -29.4189453125
43.6767578125 -30.2978515625
43.5302734375 -30.1513671875
43.5302734375 -30.2978515625
43.3837890625 -30.1513671875
43.3837890625 -30.0048828125
43.2373046875 -30.0048828125
43.0908203125 -30.0048828125
43.0908203125 -29.8583984375
40.0146484375 -29.1259765625
43.8232421875 -30.4443359375
43.8232421875 -30.2978515625
43.9697265625 -30.4443359375
44.1162109375 -30.5908203125
43.9697265625 -30.5908203125
44.2626953125 -30.7373046875
44.2626953125 -30.5908203125
43.6767578125 -30.4443359375
42.7978515625 -29.5654296875
44.4091796875 -30.8837890625
44.5556640625 -31.0302734375
44.5556640625 -31.1767578125
44.5556640625 -31.3232421875
44.5556640625 -31.4697265625
44.5556640625 -31.6162109375
44.5556640625 -31.7626953125
44.5556640625 -31.9091796875
44.5556640625 -32.0556640625
44.5556640625 -32.2021484375
44.5556640625 -32.3486328125
44.5556640625 -32.4951171875
44.5556640625 -32.6416015625
44.5556640625 -32.7880859375
44.4091796875 -30.7373046875
44.5556640625 -30.8837890625
44.4091796875 -31.0302734375
43.2373046875 -29.8583984375
42.3583984375 -29.2724609375
44.1162109375 -30.4443359375
44.4091796875 -31.3232421875
44.4091796875 -31.4697265625
43.6767578125 -30.1513671875
44.4091796875 -31.1767578125
44.5556640625 -30.7373046875
44.7021484375 -31.4697265625
44.7021484375 -31.6162109375
43.9697265625 -30.2978515625
43.5302734375 -30.0048828125
43.0908203125 -29.7119140625
41.9189453125 -28.9794921875
42.6513671875 -29.8583984375
42.7978515625 -30.0048828125
42.9443359375 -30.0048828125
42.9443359375 -30.1513671875
43.0908203125 -30.1513671875
43.0908203125 -30.2978515625
43.2373046875 -30.2978515625
43.2373046875 -30.4443359375
43.3837890625 -30.4443359375
43.3837890625 -30.5908203125
43.5302734375 -30.5908203125
43.6767578125 -30.5908203125
43.6767578125 -30.7373046875
43.8232421875 -30.7373046875
42.6513671875 -30.0048828125
42.7978515625 -29.8583984375
43.8232421875 -30.8837890625
